"stack_inerts"	"time"	"co2"
0.613198851536758	0	17.9389261447585
0.613198851536758	0.0333333333333333	25.3744205463372
0.613198851536758	0.0666666666666667	29.1523890811054
0.613198851536758	0.133333333333333	36.8621838929247
0.613198851536758	0.166666666666667	39.7504705231978
0.613198851536758	0.233333333333333	44.9343551536333
0.613198851536758	0.266666666666667	47.7275709528114
0.613198851536758	0.3	51.3114724441819
0.613198851536758	0.4	57.9402321024767
0.613198851536758	0.533333333333333	64.5789211323307
0.613198851536758	0.566666666666667	66.9470983656078
0.613198851536758	0.6	68.4975252179873
0.613198851536758	0.666666666666667	72.3415264942904
0.613198851536758	0.766666666666667	77.1645439824837
0.613198851536758	0.8	78.4145430766986
0.613198851536758	0.833333333333333	80.0765604277391
0.613198851536758	0.866666666666667	81.379627873352
0.613198851536758	0.933333333333333	84.0662391535234
0.613198851536758	1	85.5099765646883
0.811796115990549	0	16.3238205402946
0.811796115990549	0.0333333333333333	18.8169871340726
0.811796115990549	0.0666666666666667	24.6862767399626
0.811796115990549	0.1	29.5711170597021
0.811796115990549	0.166666666666667	36.6791528429768
0.811796115990549	0.2	39.1371178587519
0.811796115990549	0.4	51.6448509100856
0.811796115990549	0.433333333333333	53.7222048877807
0.811796115990549	0.533333333333333	58.5872722980566
0.811796115990549	0.6	61.2712503451499
0.811796115990549	0.666666666666667	63.5477822259711
0.811796115990549	0.766666666666667	68.2675041062892
0.811796115990549	0.833333333333333	70.5213079828363
0.811796115990549	0.866666666666667	71.5821507190803
0.811796115990549	0.9	72.5883790670335
0.811796115990549	0.933333333333333	73.7365041955594
0.811796115990549	0.966666666666667	74.4274452572898
0.811796115990549	1	75.4723945413886
0.858772924237448	0	12.273581166376
0.858772924237448	0.0333333333333333	18.0127879588835
0.858772924237448	0.1	25.253046842151
0.858772924237448	0.233333333333333	35.795643466879
0.858772924237448	0.266666666666667	38.2321034421449
0.858772924237448	0.3	40.2615822055646
0.858772924237448	0.333333333333333	42.3216632367849
0.858772924237448	0.366666666666667	44.7517111312021
0.858772924237448	0.466666666666667	50.4960596856436
0.858772924237448	0.533333333333333	53.0086577107146
0.858772924237448	0.566666666666667	54.5183738831023
0.858772924237448	0.6	55.9324936976245
0.858772924237448	0.633333333333333	57.9204689635902
0.858772924237448	0.666666666666667	59.8334746265703
0.858772924237448	0.7	59.666007832746
0.858772924237448	0.733333333333333	60.4523999491738
0.858772924237448	0.766666666666667	62.1332378077601
0.858772924237448	0.8	63.3284393536501
0.858772924237448	0.833333333333333	64.2320758691281
0.858772924237448	0.866666666666667	65.1952210222724
0.858772924237448	0.933333333333333	67.8267456605624
0.858772924237448	0.966666666666667	69.3699651289992
0.858772924237448	1	70.5328273571331
0.117982349264199	0	40.446134168384
0.117982349264199	0.0333333333333333	54.7610947204771
0.117982349264199	0.0666666666666667	68.1160101921781
0.117982349264199	0.1	77.620471347622
0.117982349264199	0.166666666666667	92.4292881712744
0.117982349264199	0.2	100.567490487654
0.117982349264199	0.266666666666667	113.865816344255
0.117982349264199	0.333333333333333	120.366462984746
0.117982349264199	0.366666666666667	124.263673651162
0.117982349264199	0.433333333333333	134.066547230147
0.117982349264199	0.5	143.320784826863
0.117982349264199	0.533333333333333	147.571700798346
0.117982349264199	0.566666666666667	152.67933698522
0.117982349264199	0.6	156.492587439033
0.117982349264199	0.633333333333333	159.839083994385
0.117982349264199	0.733333333333333	171.566069549352
0.117982349264199	0.8	177.441979183433
0.117982349264199	0.833333333333333	180.276071594099
0.117982349264199	0.9	186.587403182961
0.117982349264199	0.933333333333333	188.927441273512
0.117982349264199	0.966666666666667	192.021878524415
0.117982349264199	1	195.921251602863
0.239789377774482	0.1	47.8881365455291
0.239789377774482	0.133333333333333	55.141716180342
0.239789377774482	0.166666666666667	59.3843636176361
0.239789377774482	0.233333333333333	70.3035197753772
0.239789377774482	0.266666666666667	75.9001398828526
0.239789377774482	0.3	79.0447538466956
0.239789377774482	0.333333333333333	84.0303287724669
0.239789377774482	0.366666666666667	88.9043369362745
0.239789377774482	0.466666666666667	100.482481234677
0.239789377774482	0.5	104.975950781918
0.239789377774482	0.533333333333333	107.221026088027
0.239789377774482	0.666666666666667	119.231330633452
0.239789377774482	0.733333333333333	124.493414930848
0.239789377774482	0.8	129.496435152246
0.239789377774482	0.866666666666667	135.283208838652
0.239789377774482	0.9	138.265235083338
0.239789377774482	0.966666666666667	141.790216620791
0.372265248392257	0.0333333333333333	26.9344848337484
0.372265248392257	0.1	40.0496273103609
0.372265248392257	0.133333333333333	46.2468459946001
0.372265248392257	0.266666666666667	64.0568795265585
0.372265248392257	0.3	66.7995205307399
0.372265248392257	0.366666666666667	72.9120301123169
0.372265248392257	0.4	75.4351595465035
0.372265248392257	0.433333333333333	78.7898313585804
0.372265248392257	0.466666666666667	82.2265834701948
0.372265248392257	0.533333333333333	88.350478464829
0.372265248392257	0.6	93.9826323335979
0.372265248392257	0.633333333333333	96.9351892138941
0.372265248392257	0.666666666666667	98.4497397783862
0.372265248392257	0.733333333333333	102.83845355945
0.372265248392257	0.833333333333333	108.747073199156
0.372265248392257	0.9	112.546826309146
0.372265248392257	0.933333333333333	114.2223006675
0.592941824615678	0	17.3626655251498
0.592941824615678	0.0666666666666667	26.8235357875969
0.592941824615678	0.166666666666667	41.7353728656497
0.592941824615678	0.2	47.3110423987271
0.592941824615678	0.233333333333333	51.1249527012436
0.592941824615678	0.266666666666667	53.905246084862
0.592941824615678	0.3	56.1005571359459
0.592941824615678	0.4	61.8446809096532
0.592941824615678	0.466666666666667	65.4763294165285
0.592941824615678	0.566666666666667	72.9091284579111
0.592941824615678	0.6	74.1128771542934
0.592941824615678	0.633333333333333	76.4306709010221
0.592941824615678	0.666666666666667	78.9402607185569
0.592941824615678	0.7	79.8590070423211
0.592941824615678	0.766666666666667	81.9682792053305
0.592941824615678	0.866666666666667	86.7960608652899
0.592941824615678	0.933333333333333	89.5708509884715
0.645915221375825	0.0333333333333333	20.5241475703017
0.645915221375825	0.166666666666667	41.4166668136062
0.645915221375825	0.233333333333333	45.9869593527279
0.645915221375825	0.3	50.7312885751304
0.645915221375825	0.466666666666667	61.2998271654898
0.645915221375825	0.5	64.0388005630773
0.645915221375825	0.533333333333333	66.174007694917
0.645915221375825	0.6	68.7345699106995
0.645915221375825	0.666666666666667	71.8214762132093
0.645915221375825	0.7	73.5765500467145
0.645915221375825	0.766666666666667	76.7404623688703
0.645915221375825	0.8	78.0686092892767
0.645915221375825	0.833333333333333	80.3497455184158
0.645915221375825	0.866666666666667	81.0018238028131
0.645915221375825	0.9	82.969749993056
0.645915221375825	0.933333333333333	83.6897768902632
0.645915221375825	1	86.2276145721464
0.453494654984267	0	16.7358985852966
0.453494654984267	0.0333333333333333	27.0582838142235
0.453494654984267	0.0666666666666667	33.8120130945015
0.453494654984267	0.166666666666667	46.3720357568706
0.453494654984267	0.266666666666667	55.8579723228822
0.453494654984267	0.3	60.0019286465967
0.453494654984267	0.366666666666667	65.4438115923368
0.453494654984267	0.4	68.3931633130112
0.453494654984267	0.466666666666667	75.5160626781598
0.453494654984267	0.5	77.1311459666135
0.453494654984267	0.566666666666667	82.1782626241297
0.453494654984267	0.633333333333333	87.7548070361727
0.453494654984267	0.7	90.7927406230847
0.453494654984267	0.733333333333333	92.2066029685988
0.453494654984267	0.8	96.1883635356611
0.453494654984267	0.833333333333333	98.09280723196
0.453494654984267	0.866666666666667	99.436130281566
0.453494654984267	0.9	100.609966734883
0.890556962293536	0	12.6109230571798
0.890556962293536	0.2	34.3624426390925
0.890556962293536	0.233333333333333	36.4703205097369
0.890556962293536	0.266666666666667	37.6778206780556
0.890556962293536	0.3	39.4327198527509
0.890556962293536	0.333333333333333	41.7404860600026
0.890556962293536	0.366666666666667	43.2392267810368
0.890556962293536	0.4	45.2009431708997
0.890556962293536	0.466666666666667	49.0238901844439
0.890556962293536	0.533333333333333	51.4764543016198
0.890556962293536	0.566666666666667	53.12550184396
0.890556962293536	0.633333333333333	55.4274172893948
0.890556962293536	0.766666666666667	59.5100977874643
0.890556962293536	0.8	60.4514145532474
0.890556962293536	0.866666666666667	62.3534520002051
0.890556962293536	0.966666666666667	66.58642328562
0.334813056882833	0	22.7241169756531
0.334813056882833	0.0333333333333333	33.022244225537
0.334813056882833	0.0666666666666667	37.2891696016261
0.334813056882833	0.1	43.3303828453993
0.334813056882833	0.2	60.3008292929372
0.334813056882833	0.233333333333333	64.9623543256255
0.334813056882833	0.266666666666667	70.2013256732209
0.334813056882833	0.4	84.9790614722238
0.334813056882833	0.433333333333333	88.2888908232852
0.334813056882833	0.533333333333333	96.8898710909563
0.334813056882833	0.566666666666667	100.722816044631
0.334813056882833	0.6	103.439501250215
0.334813056882833	0.666666666666667	110.159135994461
0.334813056882833	0.8	118.480281756967
0.334813056882833	0.866666666666667	123.001119143415
0.334813056882833	0.966666666666667	128.803665661347
0.334813056882833	1	130.576345167923
0.54027567355674	0	15.0856784409131
0.54027567355674	0.133333333333333	37.1542134394744
0.54027567355674	0.166666666666667	41.0289248924337
0.54027567355674	0.2	45.3091555505301
0.54027567355674	0.233333333333333	49.3192442695808
0.54027567355674	0.266666666666667	51.7768744845279
0.54027567355674	0.333333333333333	57.7898253501591
0.54027567355674	0.366666666666667	59.9329302263712
0.54027567355674	0.4	62.2773369556289
0.54027567355674	0.433333333333333	64.9027828705786
0.54027567355674	0.466666666666667	67.7380291424774
0.54027567355674	0.5	70.2620038525845
0.54027567355674	0.533333333333333	72.0671231803952
0.54027567355674	0.566666666666667	74.1151459571723
0.54027567355674	0.6	75.9333861385014
0.54027567355674	0.666666666666667	79.7785047263466
0.54027567355674	0.7	81.2096045174353
0.54027567355674	0.833333333333333	87.5093918844466
0.54027567355674	0.866666666666667	89.8028538924624
0.54027567355674	0.9	91.1326039234624
0.54027567355674	0.933333333333333	92.3906071215379
0.54027567355674	1	94.0381796844742
0.183499846377149	0	32.8139311780863
0.183499846377149	0.0333333333333333	43.6069616305696
0.183499846377149	0.0666666666666667	49.701527193701
0.183499846377149	0.1	59.7761819743083
0.183499846377149	0.133333333333333	67.115900801388
0.183499846377149	0.2	83.5302403770129
0.183499846377149	0.233333333333333	91.5485373314078
0.183499846377149	0.3	101.049274556701
0.183499846377149	0.4	113.427318576881
0.183499846377149	0.433333333333333	119.57894188561
0.183499846377149	0.533333333333333	130.436354479698
0.183499846377149	0.566666666666667	134.890940663855
0.183499846377149	0.633333333333333	144.055989135278
0.183499846377149	0.666666666666667	145.869206039541
0.183499846377149	0.7	149.647844099802
0.183499846377149	0.733333333333333	152.821628065352
0.183499846377149	0.8	158.107725490683
0.183499846377149	0.833333333333333	161.362812242718
0.183499846377149	0.866666666666667	164.732606704046
0.183499846377149	0.933333333333333	169.645744118609
0.283926811955036	0	23.6025638208454
0.283926811955036	0.0333333333333333	33.7606068676858
0.283926811955036	0.0666666666666667	46.4676354615164
0.283926811955036	0.1	52.2443136203553
0.283926811955036	0.266666666666667	77.9789899353547
0.283926811955036	0.3	81.7450540914506
0.283926811955036	0.366666666666667	88.681206246247
0.283926811955036	0.466666666666667	96.9221896512523
0.283926811955036	0.5	100.280780462471
0.283926811955036	0.533333333333333	102.939059920515
0.283926811955036	0.566666666666667	106.253239289168
0.283926811955036	0.633333333333333	114.142386372415
0.283926811955036	0.666666666666667	116.492786987309
0.283926811955036	0.8	124.964964234392
0.283926811955036	0.866666666666667	130.610217148467
0.283926811955036	0.966666666666667	137.372218493793
0.283926811955036	1	139.102601881538
0.424391070804242	0	24.654932392822
0.424391070804242	0.0666666666666667	38.0523186302036
0.424391070804242	0.166666666666667	52.8538155767639
0.424391070804242	0.2	57.2021931962515
0.424391070804242	0.266666666666667	62.7241142255001
0.424391070804242	0.3	65.8774450377455
0.424391070804242	0.333333333333333	69.8672389256313
0.424391070804242	0.4	74.5407827311474
0.424391070804242	0.433333333333333	78.4009856483069
0.424391070804242	0.466666666666667	80.0697841196589
0.424391070804242	0.5	82.5743663774175
0.424391070804242	0.533333333333333	84.3685577722078
0.424391070804242	0.566666666666667	85.9234361321967
0.424391070804242	0.6	88.7996619047661
0.424391070804242	0.633333333333333	91.706793778068
0.424391070804242	0.8	102.767168215626
0.424391070804242	0.833333333333333	104.620170628819
0.424391070804242	0.933333333333333	110.570191295129
0.424391070804242	1	114.464994348457
0.269581616112388	0	29.5102916432608
0.269581616112388	0.0333333333333333	41.6058884714739
0.269581616112388	0.0666666666666667	48.4721390235328
0.269581616112388	0.1	53.6726483985614
0.269581616112388	0.133333333333333	60.3006464440658
0.269581616112388	0.233333333333333	75.5523049506492
0.269581616112388	0.266666666666667	77.7456371782069
0.269581616112388	0.3	83.2741994090166
0.269581616112388	0.366666666666667	91.3186138137974
0.269581616112388	0.4	94.2946281563766
0.269581616112388	0.466666666666667	101.115912288775
0.269581616112388	0.5	105.370572854329
0.269581616112388	0.533333333333333	108.875082953696
0.269581616112388	0.566666666666667	111.353666778933
0.269581616112388	0.6	113.769803159462
0.269581616112388	0.7	123.077919224057
0.269581616112388	0.766666666666667	127.289079243469
0.269581616112388	0.833333333333333	131.627524762237
0.269581616112388	0.866666666666667	134.540045917212
0.269581616112388	0.933333333333333	140.258526603742
0.269581616112388	0.966666666666667	142.530169216125
0.269581616112388	1	144.778370321157
0.168275292148283	0	33.8516459814667
0.168275292148283	0.0666666666666667	56.437303359973
0.168275292148283	0.166666666666667	77.572658109365
0.168275292148283	0.233333333333333	86.6965862270253
0.168275292148283	0.266666666666667	92.9457934142299
0.168275292148283	0.433333333333333	115.749843791485
0.168275292148283	0.533333333333333	127.245628416433
0.168275292148283	0.566666666666667	130.726144094585
0.168275292148283	0.6	133.831376063627
0.168275292148283	0.633333333333333	137.729374818511
0.168275292148283	0.666666666666667	140.370963945935
0.168275292148283	0.733333333333333	145.558342758002
0.168275292148283	0.766666666666667	148.316047110594
0.168275292148283	0.8	151.696023042085
0.168275292148283	0.866666666666667	158.476819503698
0.168275292148283	0.9	162.407178078986
0.168275292148283	0.966666666666667	168.432405673503
0.0386176062381472	0	38.1253180637874
0.0386176062381472	0.0333333333333333	55.1207537435396
0.0386176062381472	0.133333333333333	80.0361308603156
0.0386176062381472	0.166666666666667	85.4063344223422
0.0386176062381472	0.233333333333333	102.203225323187
0.0386176062381472	0.3	110.320967556542
0.0386176062381472	0.333333333333333	112.301948651679
0.0386176062381472	0.433333333333333	128.573841837822
0.0386176062381472	0.466666666666667	135.493257298692
0.0386176062381472	0.5	140.022925166028
0.0386176062381472	0.6	153.891339037457
0.0386176062381472	0.666666666666667	163.138634772772
0.0386176062381472	0.7	168.536416028214
0.0386176062381472	0.733333333333333	171.098522510029
0.0386176062381472	0.8	181.60381402282
0.0386176062381472	0.833333333333333	187.075733551276
0.0386176062381472	0.866666666666667	189.902932032369
0.0386176062381472	0.966666666666667	200.254691110916
0.954866665960355	0	12.0835564117067
0.954866665960355	0.0333333333333333	18.3531965908378
0.954866665960355	0.0666666666666667	22.6303338655504
0.954866665960355	0.1	25.1452281507682
0.954866665960355	0.133333333333333	28.5990713263372
0.954866665960355	0.166666666666667	31.08780637604
0.954866665960355	0.266666666666667	38.0895597286618
0.954866665960355	0.333333333333333	41.8675702039099
0.954866665960355	0.366666666666667	43.5452105902563
0.954866665960355	0.4	46.2268675128249
0.954866665960355	0.533333333333333	51.4869757814712
0.954866665960355	0.6	53.988636991266
0.954866665960355	0.633333333333333	55.1664228434924
0.954866665960355	0.7	57.4502422526162
0.954866665960355	0.766666666666667	59.5896439183161
0.954866665960355	0.833333333333333	62.0191941363735
0.954866665960355	0.866666666666667	62.881214712566
0.954866665960355	0.9	63.4710263952556
0.954866665960355	0.933333333333333	64.2905405504987
0.954866665960355	1	66.602811031743
0.749245129096168	0.1	28.4356256601591
0.749245129096168	0.166666666666667	36.1568216007431
0.749245129096168	0.2	39.5198303010186
0.749245129096168	0.233333333333333	40.9624982986483
0.749245129096168	0.266666666666667	41.3449366254123
0.749245129096168	0.3	43.031864346554
0.749245129096168	0.4	50.055870322048
0.749245129096168	0.433333333333333	51.2543956525049
0.749245129096168	0.5	55.8961946536045
0.749245129096168	0.533333333333333	57.4761494405555
0.749245129096168	0.566666666666667	58.2522430733396
0.749245129096168	0.6	60.2526612459033
0.749245129096168	0.633333333333333	61.5109829870327
0.749245129096168	0.7	65.4883739550842
0.749245129096168	0.8	68.5690913183306
0.749245129096168	0.833333333333333	69.4186594606555
0.749245129096168	0.933333333333333	72.9453206358485
0.498797503893545	0	22.4845331995268
0.498797503893545	0.166666666666667	50.2650066722128
0.498797503893545	0.2	53.589341439517
0.498797503893545	0.233333333333333	55.5284100222256
0.498797503893545	0.266666666666667	59.7314809506649
0.498797503893545	0.3	62.5571625434169
0.498797503893545	0.366666666666667	67.2347025260889
0.498797503893545	0.466666666666667	74.9750536523587
0.498797503893545	0.566666666666667	83.2300652786968
0.498797503893545	0.633333333333333	86.5178371265467
0.498797503893545	0.7	90.3475668481653
0.498797503893545	0.733333333333333	92.3154133044773
0.498797503893545	0.833333333333333	95.5375240053065
0.498797503893545	1	104.02918639112
0.0989543051479547	0	34.638849655067
0.0989543051479547	0.0333333333333333	48.7179107773814
0.0989543051479547	0.166666666666667	89.5160344947512
0.0989543051479547	0.233333333333333	107.072144916765
0.0989543051479547	0.266666666666667	112.377975012893
0.0989543051479547	0.3	115.30008233365
0.0989543051479547	0.333333333333333	121.196568894149
0.0989543051479547	0.366666666666667	127.943312801665
0.0989543051479547	0.5	146.71116465924
0.0989543051479547	0.6	158.235546322528
0.0989543051479547	0.633333333333333	161.140973122352
0.0989543051479547	0.666666666666667	163.80932606588
0.0989543051479547	0.733333333333333	172.873707595987
0.0989543051479547	0.766666666666667	174.658546278325
0.0989543051479547	0.833333333333333	183.147262714291
0.0989543051479547	0.866666666666667	187.184638435557
0.0989543051479547	0.9	191.758833933711
0.0989543051479547	0.966666666666667	199.124120668965
0.0989543051479547	1	201.628896986544
0	0	49.7596040904744
0	0.0333333333333333	62.2367365119234
0	0.0666666666666667	67.2034309199318
0	0.1	76.9573040743107
0	0.166666666666667	97.6607199573265
0	0.266666666666667	109.215982837011
0	0.366666666666667	125.924468310512
0	0.4	131.181043111202
0	0.466666666666667	147.761474230168
0	0.5	154.217125951632
0	0.566666666666667	160.914375016821
0	0.6	164.901585928733
0	0.666666666666667	174.164525486991
0	0.7	177.746264333918
0	0.733333333333333	182.2802164305
0	0.9	202.086183045939
0	0.933333333333333	205.85766848855
0	0.966666666666667	210.855389901402
0.485882589763421	0	23.5724211235253
0.485882589763421	0.0666666666666667	39.215433338892
0.485882589763421	0.2	56.5072077322207
0.485882589763421	0.266666666666667	62.7907781154073
0.485882589763421	0.333333333333333	68.7953776674532
0.485882589763421	0.5	80.725846081003
0.485882589763421	0.6	87.4078812631035
0.485882589763421	0.7	92.7962490385095
0.485882589763421	0.733333333333333	94.1353872744335
0.485882589763421	0.766666666666667	96.6261402206299
0.485882589763421	0.833333333333333	99.9627697273066
0.485882589763421	0.866666666666667	101.874544503905
0.485882589763421	0.966666666666667	106.883293140695
0.941623316770318	0.0333333333333333	20.5641180913704
0.941623316770318	0.1	27.6209653106921
0.941623316770318	0.233333333333333	36.8784987957517
0.941623316770318	0.266666666666667	38.5886984032719
0.941623316770318	0.333333333333333	42.1948122876302
0.941623316770318	0.366666666666667	44.5571020606212
0.941623316770318	0.433333333333333	47.9270201412239
0.941623316770318	0.5	51.12380990431
0.941623316770318	0.533333333333333	52.1234753764855
0.941623316770318	0.6	55.2028087773071
0.941623316770318	0.666666666666667	57.6770768616846
0.941623316770318	0.7	58.8139063345722
0.941623316770318	0.733333333333333	60.4233640087333
0.941623316770318	0.766666666666667	61.7264308575361
0.941623316770318	0.833333333333333	62.7112503278203
0.941623316770318	0.866666666666667	63.8321832809102
0.941623316770318	0.966666666666667	67.1972772307027
0.941623316770318	1	67.7735799824388
0.831120811128651	0	14.1122914115644
0.831120811128651	0.0333333333333333	17.2993824837439
0.831120811128651	0.0666666666666667	20.5556812182116
0.831120811128651	0.1	25.127047984737
0.831120811128651	0.133333333333333	27.9659665451871
0.831120811128651	0.166666666666667	32.3618648471387
0.831120811128651	0.2	36.1091408795926
0.831120811128651	0.233333333333333	38.5416175254344
0.831120811128651	0.3	43.5558171434405
0.831120811128651	0.366666666666667	48.7045588546433
0.831120811128651	0.433333333333333	52.079832940204
0.831120811128651	0.5	56.1947155707303
0.831120811128651	0.533333333333333	58.0703406258489
0.831120811128651	0.566666666666667	59.78705042055
0.831120811128651	0.6	61.4152136195325
0.831120811128651	0.633333333333333	63.5060098185682
0.831120811128651	0.733333333333333	68.7921240068067
0.831120811128651	0.8	71.1101143639184
0.831120811128651	0.833333333333333	71.8303700504761
0.831120811128651	0.866666666666667	72.7760709273141
0.831120811128651	0.933333333333333	74.6319663081382
0.831120811128651	0.966666666666667	75.4402835120172
0.831120811128651	1	76.6585343313995
0.0244737093031879	0	25.2453331756483
0.0244737093031879	0.0333333333333333	51.107881329845
0.0244737093031879	0.0666666666666667	67.8569405683385
0.0244737093031879	0.133333333333333	89.2903673909455
0.0244737093031879	0.166666666666667	95.7503660239133
0.0244737093031879	0.233333333333333	101.970731329956
0.0244737093031879	0.3	111.944502038489
0.0244737093031879	0.366666666666667	124.101745338965
0.0244737093031879	0.433333333333333	134.676140559492
0.0244737093031879	0.5	144.84907447698
0.0244737093031879	0.566666666666667	154.825704257625
0.0244737093031879	0.6	159.484826100771
0.0244737093031879	0.633333333333333	165.514952825798
0.0244737093031879	0.733333333333333	182.921417540447
0.0244737093031879	0.766666666666667	187.554485270892
0.0244737093031879	0.8	193.425788202042
0.0244737093031879	0.9	201.60860267636
0.0244737093031879	0.933333333333333	206.962464464776
0.0244737093031879	0.966666666666667	211.178550290593
0.0244737093031879	1	214.250001475908
0.696621356754638	0	15.6397817962113
0.696621356754638	0.133333333333333	33.0989038910108
0.696621356754638	0.166666666666667	37.0507467964583
0.696621356754638	0.266666666666667	44.1365985033909
0.696621356754638	0.333333333333333	49.0395223147769
0.696621356754638	0.366666666666667	52.1343860794022
0.696621356754638	0.466666666666667	57.5378226844695
0.696621356754638	0.5	59.7834813953171
0.696621356754638	0.566666666666667	63.6161718674634
0.696621356754638	0.6	65.3462749843279
0.696621356754638	0.666666666666667	68.788179438062
0.696621356754638	0.7	70.6866449206146
0.696621356754638	0.733333333333333	71.5401886306933
0.696621356754638	0.866666666666667	78.2677577510227
0.696621356754638	0.9	80.0151543042659
0.696621356754638	0.966666666666667	82.7092361835308
0.696621356754638	1	84.2024306783201
1	0	10.0561184515184
1	0.0333333333333333	15.1698981572349
1	0.0666666666666667	20.238067697357
1	0.133333333333333	27.0430982379403
1	0.166666666666667	29.8716134782061
1	0.266666666666667	36.385524628138
1	0.3	38.0350203263061
1	0.333333333333333	40.062993759618
1	0.366666666666667	41.5519828784206
1	0.4	43.3527313377372
1	0.433333333333333	45.037484351589
1	0.5	47.6053078169739
1	0.566666666666667	50.1493044776389
1	0.6	50.817806797079
1	0.666666666666667	53.4806495557218
1	0.733333333333333	55.4873101527036
1	0.8	58.6468846262676
1	0.833333333333333	59.6663930354441
1	0.866666666666667	60.1838121922851
1	0.9	61.4091753544744
1	0.933333333333333	62.0217601931266
0.724294659222139	0.0333333333333333	20.6567121804552
0.724294659222139	0.0666666666666667	25.0448566253231
0.724294659222139	0.1	29.3848231062022
0.724294659222139	0.133333333333333	32.8500316696001
0.724294659222139	0.2	39.3626830569972
0.724294659222139	0.266666666666667	44.6641904717802
0.724294659222139	0.3	47.0823162854232
0.724294659222139	0.333333333333333	47.8863948905019
0.724294659222139	0.4	51.9772020028289
0.724294659222139	0.433333333333333	53.7504423102584
0.724294659222139	0.466666666666667	55.9496548407542
0.724294659222139	0.5	58.3326420099898
0.724294659222139	0.566666666666667	62.9928331474457
0.724294659222139	0.7	68.3086306105684
0.724294659222139	0.733333333333333	69.6808613554571
0.724294659222139	0.766666666666667	71.1082291082669
0.724294659222139	0.8	72.4095516780772
0.724294659222139	0.833333333333333	74.0333366892143
0.724294659222139	0.9	76.7081682147035
0.724294659222139	0.933333333333333	77.6102438867951
0.724294659222139	0.966666666666667	79.0497264652967
0.724294659222139	1	79.8500103043984
